56 8.671575231729593
84 24.508093515550943
124 23.78741857069297
138 4.380624805580756
153 28.26492031850227
186 22.07956909787171
201 2.5792345996575454
243 9.191417168624142
251 17.444428942955717
286 13.575194264766166
354 13.587412368006023
430 6.236538211627015
431 9.968063611782966
643 20.19746332237039
666 6.03309004836348
686 12.099685092393068
740 28.476034305420914
779 16.7697881130478
802 19.279508947321816
863 18.91359790145447
882 12.20133955980637
903 24.227497728099195
906 16.14318137979781
