1 22.844714337356066
33 20.756338259997285
36 6.636628893430296
93 4.4907853442294074
163 21.05376232755406
216 24.52130790395818
225 17.001832492372166
252 17.725367234184755
355 10.297403789374789
368 15.445250519507837
374 28.672978738348164
393 27.834490074301698
395 10.184126685921838
448 26.258620980669953
498 25.12127040528209
526 10.69921839771192
549 28.192741124940824
572 19.144508871348435
647 14.935666784866203
657 14.402799483171929
685 20.65568524800873
724 6.95572562801525
828 12.401097039509267
849 3.3362613676332473
866 10.04347058294183
933 24.740340959674327
969 8.66649131250967
972 2.7572813191583685
974 24.00039868009033
