10 21.093813910060575
14 16.468512185622995
20 29.174477599326977
129 29.46044554754912
141 21.629283156220175
150 24.993339134325034
155 15.883741065852735
179 26.38649424580006
183 20.999274934216416
189 29.245967900761148
230 4.013210467848186
242 14.157275662513978
260 22.92174562443129
267 6.638722676269147
281 6.772815834897608
329 19.04795382940639
347 21.777319068892954
371 1.8334752449873948
387 20.922906576095226
450 12.87794862908172
456 14.450350744906999
515 15.46732338272274
538 10.267700656768188
559 14.815778882952188
578 29.740750033908775
595 7.988475436991452
597 21.019510790982277
640 27.281649817491132
756 25.78817194842475
775 22.043190692595413
786 29.90576169505755
792 12.85099747680826
829 29.66235053065768
860 7.988796392181474
894 18.42143387772035
899 22.273290423135077
917 6.638787942813974
932 27.073824987786313
939 9.410441233518176
946 28.541704556442816
982 14.92132669314678
