21608
3707
5490
5861
5588
2000
1963
1505
1831
10170
1929
1589
1492
4333
2494
5790
2058
27350
3105
5616
6983
3629
2566
2818
3353
3182
2327
2316
8871
13686
2731
6454
14685
2088
1875
17850
2110
2674
11981
2602
3351
2196
3523
2887
4130
1289
4922
8793
3287
26413
2155
2198
3490
11654
11060
5427
17679
3745
2196
1721
5755
34049
3081
8140
2557
2099
10479
1650
8258
6494
4150
3436
3358
3881
35297
2699
3483
2002
2437
1864
3935
36638
12631
3870
3324
9958
1627
3617
1959
6687
8581
2658
14265
10041
4668
9540
2368
3292
1778
2811
2241
3769
1947
2665
1432
2289
21287
8484
8051
1731
6194
2136
6162
7802
3427
40000
7749
4180
5149
3056
9841
3141
5453
4164
4657
39468
7310
1980
3455
3503
3384
4699
5489
1502
1748
1612
2394
17366
1572
4156
7059
6220
5453
2983
7188
31191
2496
4988
4958
5743
3003
4549
2801
29921
16985
1724
1545
2223
3360
9384
10340
3121
22710
2864
1542
16103
18986
30976
2727
1954
3583
2244
7385
19529
3326
1516
10621
1468
11602
3745
6006
1303
16100
2026
30947
5857
4651
16909
4660
15792
4245
2514
41522
1799
8451
10387
2233
2356
12420
2160
10252
2323
2275
11005
2092
3560
2192
14577
5323
22549
2887
16455
3270
6178
2009
14999
3219
6119
2791
8011
15232
4409
2175
1655
16466
4140
3374
7123
1605
15846
2138
18912
12985
15325
2266
6046
2173
8460
9329
2245
3199
9651
4458
2714
2951
1944
16285
8310
2455
5570
3009
17347
6201
4400
1822
6658
2646
15265
2079
15200
4754
3766
5787
3388
1736
1986
15301
1341
9594
35442
9552
26895
2237
1783
22961
1932
1944
3773
4121
27205
11953
5197
2169
3239
20383
7170
1897
10250
4137
3863
1263
9131
8021
3292
6345
2961
4050
7703
2113
7978
1528
2537
2327
2529
2298
1840
3634
3695
8875
3551
4204
2635
4506
2503
9696
3496
3237
1891
5580
17390
3615
2300
14871
1706
3214
20983
35213
17407
14301
2435
33190
4576
1641
2838
31350
1446
33264
13516
3711
8038
7812
7125
2119
2814
3460
4352
13147
36057
17023
3343
5328
13603
5460
3906
16965
5700
1966
12862
5403
2702
3438
2111
3585
10117
7062
9594
3797
17077
5734
1664
16120
4587
1700
10423
6441
2137
24353
11045
2552
3180
4890
2732
34366
2136
2570
12674
8045
3338
17973
2996
1481
11366
6593
2617
8516
3371
22758
9595
4097
9524
2795
1632
4117
37302
6078
9378
1601
4970
21371
8249
6276
2743
3699
2939
33702
1665
1736
3010
3371
32520
37231
2283
1847
7552
5421
25388
2802
9745
1678
7479
8758
2514
3758
5409
4344
1828
1664
2323
4354
19814
29996
11317
2190
3674
6767
4720
8588
21976
13092
8022
4786
1674
6434
4526
2063
5764
27687
2683
4099
27685
5605
5890
2252
2553
1335
8878
9613
3665
2196
14469
2637
3763
4213
3045
2365
2169
22439
38334
8094
2448
2659
7537
8458
1071
2669
3796
1946
2512
1476
2397
30830
2865
4864
4831
6543
8634
1872
20281
3448
8479
2243
12476
2847
2341
4695
4706
11014
2982
1597
8040
2479
1682
3483
1520
13583
6048
3384
1978
3604
1989
2998
4480
2228
3323
2716
13218
3006
4400
1581
14249
15466
2779
2206
4249
2809
2678
3888
15022
2065
4561
2367
1396
1752
3330
12781
33639
2748
7652
19153
2538
11413
2615
1190
1927
20139
1928
1992
10269
7421
12071
15690
4260
2861
2468
12597
2708
4217
3930
2531
3048
2130
12472
9872
20586
10256
16867
27611
3464
1289
34418
2102
5849
6099
32251
13859
2246
9194
1945
1847
2495
1248
35166
2192
1639
11645
16458
12543
3835
3055
26122
2759
1708
6246
2101
3623
2038
3945
3248
1399
2351
4679
2175
1826
1279
31859
3335
6166
14667
8329
20420
7038
3421
2914
3025
12501
4104
1648
14166
1429
3662
1484
1342
1891
3267
1941
1650
16802
2713
2957
11302
9663
2239
4312
11384
2672
21925
11883
1686
4720
3575
6588
21362
9588
15674
2062
1850
18528
2940
2159
2063
2507
14363
12250
5266
3665
6034
4598
7455
6632
10811
12102
6596
6968
3426
14460
1830
4355
10369
2278
13929
1426
21813
2389
11636
18606
3225
1930
4063
2659
2484
1930
33472
2136
1585
7551
26797
3362
8287
1335
9854
4939
32379
1993
7974
38143
6310
2016
8859
3451
1447
14706
5176
2903
1764
3523
2619
3475
21554
1797
3336
3487
2886
6329
14688
2326
5679
2077
5615
2112
2918
2652
8773
2605
1783
1761
2706
3086
2004
2002
6459
2722
1665
8882
33975
26440
26732
2113
1809
2325
3593
1900
4316
4266
5907
2913
6970
4111
2336
5779
9379
2234
25642
2051
1753
2591
37901
7433
3931
18126
4024
6565
8909
3035
2335
4105
4834
3263
6708
4514
11078
3112
35532
2863
2067
8413
5637
5308
13035
4775
2241
1618
8489
5859
2181
2553
20201
3402
2956
3334
24783
1900
5111
3352
4581
4474
8269
3541
4996
17605
7374
13469
1878
1845
3886
8272
3713
7728
1244
4653
2165
2009
2082
4069
1609
3902
4365
5012
22651
6746
19313
1509
6598
8263
1451
3074
1903
16842
2484
6670
21006
1224
3149
3203
1852
8491
20833
1460
6431
15533
34713
1896
21536
1547
37454
3084
31003
4654
18330
2512
11351
2933
3893
5733
1804
10858
15356
2948
22794
1361
4690
2559
2994
2251
2370
2780
1865
4650
5040
3981
17062
25947
5695
1583
3128
1701
1726
3844
2119
6249
3946
3735
1868
5714
8411
1964
2308
35068
2392
5466
3454
7009
2580
5456
5793
2478
2574
16377
3707
2094
2489
6562
10651
6715
6316
2303
3368
12672
4337
2220
2125
1562
3453
8725
2098
20386
6875
4906
28172
2929
20824
21235
9808
6099
2265
34444
3698
6615
12199
15908
18770
2352
10866
12216
2560
6104
12841
12002
2346
2787
33141
3052
9306
1606
7909
2341
13826
1534
18558
2845
1292
14852
1913
4370
2131
6490
28652
1837
2365
10849
25340
1698
12742
25043
6097
2227
2211
2995
1843
2565
9856
8986
18249
4471
1797
1723
17451
8913
13350
7180
3287
2524
4216
1672
3120
1880
14370
10985
2896
2386
2577
