29 13.486646502304023
69 14.327442127728375
73 24.32457968100126
133 15.337454214144662
160 6.167398106928665
288 12.989443759186559
386 6.571853420971778
423 20.008229544144385
449 8.603386551235308
459 22.37337902862273
469 22.928643775604574
483 8.541925357683965
502 5.012301382084802
548 18.910006694184432
558 3.680707889655485
598 19.982479406374466
619 10.34991845298926
641 10.547630689958192
649 24.596779229961403
663 9.155805655065167
667 27.52549676741984
668 14.069573113011977
683 18.982777235361944
700 2.4127147883014746
720 23.353105197570088
771 17.590956413139345
799 27.742421417162465
876 28.770167456267266
934 23.911851551944014
987 8.165909216608702
