102 26.16273017888643
108 9.05686619393432
117 11.274695457285329
261 21.047776835954025
278 28.88713345363874
308 24.4042095514828
309 10.591903793288447
311 21.608487252776435
340 14.696171371785303
346 21.972287193009755
356 29.671155418342906
408 16.23824149380647
447 4.279712858346209
461 14.26973478574449
473 22.624023745528202
482 7.405887008575559
493 28.93882518604349
528 19.809246186636422
534 21.487106104516045
583 11.33622424872303
651 21.186897872801797
664 29.24399440730852
698 5.229154165049114
767 9.073867701660356
806 16.071992020353264
810 9.22720930380838
826 24.221997227502257
827 15.53981171845631
833 8.04984127391759
845 2.8880823173234527
913 12.775652424282228
936 27.00822561407257
945 16.33196582976896
964 18.551417491350634
